0 0 0 2 0
9000000 0 4 2 0
10000000 0 8 2 0
17000000 0 12 2 0
22000000 0 16 2 0
31000000 0 20 2 0
41000000 0 24 2 0
50000000 0 28 2 0
56000000 0 32 2 0
64000000 0 36 2 0
64000000 0 40 2 0
66000000 0 44 2 0
67000000 0 48 2 0
74000000 0 52 2 0
82000000 0 56 2 0
85000000 0 60 2 0
93000000 0 64 2 0
102000000 0 68 2 0
102000000 0 72 2 0
110000000 0 76 2 0
111000000 0 78 2 0
116000000 0 74 2 0
121000000 0 2 2 0
129000000 0 66 2 0
134000000 0 62 2 0
138000000 0 6 2 0
144000000 0 54 2 0
148000000 0 50 2 0
152000000 0 46 2 0
155000000 0 42 2 0
161000000 0 38 2 0
165000000 0 34 2 0
168000000 0 30 2 0
171000000 0 26 2 0
181000000 0 22 2 0
181000000 0 18 2 0
181000000 0 14 2 0
187000000 0 10 2 0
190000000 0 58 2 0
197000000 0 70 2 0